ORDEN DE PALABRAS PARA LOS VECTORES
[carrera,italia,puesto,gol,ruta,doble-doble,slam,portero,bull,remate,motor,minuto,segundo,pole,dobles,punto,f1,vuelta,numero,escuderia,jugador,atp,rueda,bici,titulo,personal,amarilla,tenista,baloncesto,torneo,escolta,base,alero,asistencia,temporada,kilometro,tour,victoria,curva,cuarto,esprint,ranking,futbol,giro,defensa,campo,set,mclaren,juego,resultado,penalti,derrota,circuito,corredor,partido,tiro,falta,coche ,balon,pivot,ciclista,caida,francia,piloto,espana,mercedes,jornada,triple,renault,tenis,meta,masters,recorrido,manga,ferrari,equipo,mundo,rebote,cabeza,empate,final,libre,etapa,saque]

FRECUENCIA DOCUMENTAL INVERSA DE CADA PALABRA
[0.4881166390211256,1.0579919469776868,0.6989700043360189,0.7891466346851068,1.6020599913279623,0,1.2041199826559248,1.4259687322722812,1.3010299956639813,0,1.3010299956639813,0.47172622283295623,0.4559319556497244,1.6020599913279623,0,0.3010299956639812,1.2041199826559248,0.6243363860391146,0.8616973018337185,1.2041199826559248,0.7269987279362623,1.4259687322722812,1.0,0,0.7891466346851068,1.9030899869919435,1.4259687322722812,1.0579919469776868,0,1.0579919469776868,1.0579919469776868,1.0,1.3010299956639813,0.7891466346851068,0.3233063903751334,1.3010299956639813,0.8616973018337185,0.2798406965940431,1.4259687322722812,0.8239087409443188,1.1249387366083,0,0.9488474775526188,0.9488474775526188,0.9488474775526188,0.6478174818886375,0.9030899869919435,1.2041199826559248,0.4559319556497244,1.0,0.9030899869919435,0.6989700043360189,0.7569619513137056,0.9488474775526188,0.2903061302722081,0.5808706922580243,0.8616973018337185,0,1.0,0.9488474775526188,1.4259687322722812,1.0,0.9488474775526188,1.0579919469776868,1.1249387366083,0,0.8239087409443188,0,1.0579919469776868,0,1.3010299956639813,0,1.1249387366083,1.1249387366083,1.0579919469776868,0.2596373105057561,0.8616973018337185,0,0.8616973018337185,0,0.4117282931576709,0,0.9030899869919435,0]

---BALONCESTO1.TXT---
W = (0,0,0,0,0,0,0,0,0,0,0,0.47172622283295623,0.4559319556497244,0,0,0.9030899869919435,0,0,0,0,0,0,0,0,0,0,0,0,0,0,1.0579919469776868,1.0,0,0.7891466346851068,0,0,0,0,0,0,0,0,0,0,0,0.6478174818886375,0,0,0.4559319556497244,0,0,0,0,0,0.2903061302722081,0.5808706922580243,0,0,0,0.9488474775526188,0,0,0,0,0,0,0,0,0,0,0,0,0,0,0,0,0,0,0,0,0,0,0,0)
---BALONCESTO10.TXT---
W = (0,0,0,0,0,0,0,0,0,0,0,0,0,0,0,0.9030899869919435,0,0,0,0,0,0,0,0,0,0,0,0,0,0,0,0,0,0,0,0,0,0.2798406965940431,0,0,0,0,0,0,0,1.295634963777275,0,0,0,0,0,0.6989700043360189,0,0,0.5806122605444162,0.5808706922580243,0,0,0,0,0,0,0,0,0,0,0,0,0,0,0,0,0,0,0,0.5192746210115122,0,0,0,0,0,0,0,0)
---BALONCESTO11.TXT---
W = (0,0,0,0,0,0,0,0,0,0,0,0.47172622283295623,0,0,0,1.2041199826559248,0,0,0.8616973018337185,0,1.4539974558725246,0,0,0,0,1.9030899869919435,0,0,0,0,1.0579919469776868,1.0,1.3010299956639813,0.7891466346851068,0,0,0,0,0,0,0,0,0,0,1.8976949551052376,0.6478174818886375,0,0,0.9118639112994488,0,0,0,0,0,1.1612245210888323,0.5808706922580243,0.8616973018337185,0,0,1.8976949551052376,0,0,0,0,0,0,0,0,0,0,0,0,0,0,0,0.5192746210115122,0,0,0,0,0,0,0,0)
---BALONCESTO12.TXT---
W = (0,0,0,0,0,0,0,0,0,0,0,1.4151786684988688,0,0,0,1.2041199826559248,0,0,0,0,0.7269987279362623,0,0,0,0,0,0,0,0,0,0,2.0,0,1.5782932693702136,0.3233063903751334,0,0,0.5596813931880862,0,0.8239087409443188,0,0,0,0,0,1.295634963777275,0,0,0,0,0,0.6989700043360189,0,0,0.2903061302722081,2.3234827690320974,0,0,0,0,0,0,0,0,0,0,0,0,0,0,0,0,0,0,0,0,0,0,0,0,1.2351848794730127,0,0,0)
---BALONCESTO13.TXT---
W = (0,0,0,0,0,0,0,0,0,0,0,1.4151786684988688,0.4559319556497244,0,0,1.505149978319906,0,0,0,0,0,0,0,0,0,0,0,0,0,0,1.0579919469776868,0,0,0.7891466346851068,0.3233063903751334,0,0,0.5596813931880862,0,0.8239087409443188,0,0,0,0,0,1.295634963777275,0,0,0.9118639112994488,0,0,0.6989700043360189,0,0,0.2903061302722081,1.1617413845160487,0,0,0,1.8976949551052376,0,0,0,0,0,0,0,0,0,0,0,0,0,0,0,0,0,0,0,0,0,0,0,0)
---BALONCESTO14.TXT---
W = (0,0,0,0,0,0,0,0,0,0,0,0.47172622283295623,0,0,0,0.9030899869919435,0,0,0,0,0.7269987279362623,0,0,0,0,0,0,0,0,0,1.0579919469776868,1.0,0,0.7891466346851068,0.3233063903751334,0,0,0.2798406965940431,0,0,0,0,0,0,0,0.6478174818886375,0,0,0.4559319556497244,0,0,0.6989700043360189,0,0,0.2903061302722081,0.5808706922580243,0,0,0,1.8976949551052376,0,0,0,0,0,0,0,0,0,0,0,0,0,0,0,0.5192746210115122,0,0,0,0,0,0,0,0)
---BALONCESTO15.TXT---
W = (0,0,0,0,0,0,0,0,0,0,0,0.47172622283295623,0,0,0,0.6020599913279624,0,0,0,0,0.7269987279362623,0,0,0,0,0,0,0,0,0,0,0,1.3010299956639813,0.7891466346851068,0,0,0,0.2798406965940431,0,0,0,0,0,0,0,0.6478174818886375,0,0,0,0,0,0.6989700043360189,0,0,0.2903061302722081,0.5808706922580243,0,0,0,0,0,0,0,0,0,0,0,0,0,0,0,0,0,0,0,0.2596373105057561,0.8616973018337185,0,0,0,0,0,0,0)
---BALONCESTO2.TXT---
W = (0,0,0,0,0,0,0,0,0,0,0,0.47172622283295623,0,0,0,0.6020599913279624,0,0,0,0,0.7269987279362623,0,0,0,0,0,0,0,0,0,0,0,0,0,0,0,0,0,0,0,0,0,0,0,0,0.6478174818886375,0,0,0,0,0,0.6989700043360189,0,0,0,0.5808706922580243,0,0,0,0.9488474775526188,0,0,0,0,0,0,0,0,0,0,0,0,0,0,0,0,0,0,0,0,0,0,0,0)
---BALONCESTO3.TXT---
W = (0,0,0,0,0,0,0,0,0,0,0,0.47172622283295623,0,0,0,0.9030899869919435,0,0,0,0,0,0,0,0,0,0,0,0,0,0,2.1159838939553737,0,1.3010299956639813,0.7891466346851068,0,0,0,0.5596813931880862,0,0,0,0,0,0,0,0.6478174818886375,0,0,0.4559319556497244,0,0,0,0,0,0.2903061302722081,0.5808706922580243,0,0,0,0,0,0,0,0,0,0,0,0,0,0,0,0,0,0,0,0.2596373105057561,0,0,0,0,0,0,0,0)
---BALONCESTO4.TXT---
W = (0,0,0,0,0,0,0,0,0,0,0,1.4151786684988688,0,0,0,1.505149978319906,0,0,0,0,0.7269987279362623,0,0,0,0,0,0,0,0,0,1.0579919469776868,2.0,1.3010299956639813,0.7891466346851068,0,0,0,0,0,0.8239087409443188,0,0,0,0,0,0.6478174818886375,0,0,0.4559319556497244,0,0,0.6989700043360189,0,0,0.8709183908166243,1.1617413845160487,0,0,0,0.9488474775526188,0,0,0,0,0,0,0,0,0,0,0,0,0,0,0,0.5192746210115122,0,0,0,0,0,0,0,0)
---BALONCESTO5.TXT---
W = (0,0,0,0,0,0,0,0,0,0,0,0.47172622283295623,0,0,0,0.6020599913279624,0,0,0,0,0,0,0,0,0,0,0,0,0,0,0,0,0,0.7891466346851068,0,0,0,0.8395220897821293,0,0,0,0,0,0,0,0.6478174818886375,0,0,0.4559319556497244,0,0,0,0,0,0.5806122605444162,0.5808706922580243,0,0,0,0.9488474775526188,0,0,0,0,0,0,0,0,0,0,0,0,0,0,0,0.7789119315172683,0,0,0,0,0,0,0,0)
---BALONCESTO6.TXT---
W = (0,0,0,0,0,0,0,0,0,0,0,0,0.4559319556497244,0,0,0.9030899869919435,0,0,0,0,0,0,0,0,0,0,0,0,0,0,0,1.0,0,0,0,0,0,0.5596813931880862,0,0,0,0,0,0,0,0,0,0,0,0,0,0.6989700043360189,0,0,0.8709183908166243,0.5808706922580243,0,0,0,0,0,0,0,0,0,0,0,0,0,0,0,0,0,0,0,0.5192746210115122,0,0,0,0,0,0,0,0)
---BALONCESTO7.TXT---
W = (0,0,0,0,0,0,0,0,0,0,0,0.9434524456659125,0,0,0,1.505149978319906,0,0,0,0,0.7269987279362623,0,0,0,0,0,0,0,0,0,1.0579919469776868,0,0,0.7891466346851068,0.3233063903751334,0,0,0.5596813931880862,0,0,0,0,0,0,0,0.6478174818886375,0,0,0.4559319556497244,0,0,0.6989700043360189,0,0,0.2903061302722081,0.5808706922580243,0,0,0,0,0,0,0,0,0,0,0.8239087409443188,0,0,0,0,0,0,0,0,0,0,0,0,0,0,0,0,0)
---BALONCESTO8.TXT---
W = (0,0,0,0,0,0,0,0,0,0,0,0.47172622283295623,0,0,0,0.9030899869919435,0,0,0,0,0,0,0,0,0,0,0,0,0,0,0,1.0,0,0.7891466346851068,0.3233063903751334,0,0,1.1193627863761724,0,0.8239087409443188,0,0,0,0,0,1.295634963777275,0,0,0.4559319556497244,0,0,0.6989700043360189,0,0,0.5806122605444162,1.1617413845160487,0,0,0,0,0,0,0,0,0,0,0,0,0,0,0,0,0,0,0,0.2596373105057561,0,0,0,0,0,0,0,0)
---BALONCESTO9.TXT---
W = (0,0,0.6989700043360189,0,0,0,0,0,0,0,0,0.47172622283295623,0.4559319556497244,0,0,1.505149978319906,0,0,0,0,0,0,0,0,0,0,0,0,0,0,0,1.0,0,0.7891466346851068,0.3233063903751334,0,0,0.8395220897821293,0,0,0,0,0,0,0,0.6478174818886375,0,0,0.9118639112994488,0,0,0.6989700043360189,0,0,0.5806122605444162,0.5808706922580243,0,0,0,0.9488474775526188,0,0,0,0,0,0,0.8239087409443188,0,0,0,0,0,0,0,0,0.2596373105057561,0,0,0,0,0,0,0,0)
---CICLISMO1.TXT---
W = (1.464349917063377,3.1739758409330605,0,0,0,0,0,0,0,0,0,0,0,0,0,0,0,0,0,0,0,0,0,0,0,0,0,0,0,0,0,0,0,0,0.3233063903751334,1.3010299956639813,0.8616973018337185,0.5596813931880862,0,0,0,0,0,2.8465424326578566,0,0,0,0,0,0,0,0,0,0,0,0,0,0,0,0,0,0,0.9488474775526188,0,0,0,0,0,0,0,0,0,2.2498774732166,0,0,0,0.8616973018337185,0,0.8616973018337185,0,0.4117282931576709,0,1.806179973983887,0)
---CICLISMO10.TXT---
W = (0,1.0579919469776868,1.3979400086720377,0,0,0,0,0,0,0,0,0,0.9118639112994488,0,0,0,0,1.2486727720782291,0,0,0,0,0,0,0,0,0,0,0,0,0,0,0,0,0.3233063903751334,0,0.8616973018337185,0.5596813931880862,0,0,1.1249387366083,0,0,1.8976949551052376,0,0,0,0,0,1.0,0,0,0,0,0,0,0,0,0,0,0,0,0,0,0,0,0,0,0,0,0,0,0,0,0,0.5192746210115122,0.8616973018337185,0,0,0,0,0,0.9030899869919435,0)
---CICLISMO11.TXT---
W = (0,0,0,0,0,0,0,0,0,0,0,0,0.4559319556497244,0,0,0,0,0,0,0,0,0,0,0,0,0,0,0,0,0,0,0,0,0,0.3233063903751334,0,0.8616973018337185,0.5596813931880862,0,0,1.1249387366083,0,0,0,0,0,0,0,0,0,0,0,0,0,0,0,0,0,0,0,0,0,0,0,0,0,0,0,0,0,0,0,0,0,0,0.2596373105057561,0,0,0,0,0,0,0.9030899869919435,0)
---CICLISMO12.TXT---
W = (0.4881166390211256,0,0.6989700043360189,0,0,0,0,0,0,0,0,0,0,0,0,0,0,1.2486727720782291,0,0,0,0,0,0,0,0,0,0,0,0,0,0,0,0,0,0,0,0,0,0,0,0,0,0.9488474775526188,0,0,0,0,0,0,0,0,0,0,0,0,0,0,0,0,0,0,0,0,1.1249387366083,0,0,0,0,0,0,0,1.1249387366083,0,0,0.2596373105057561,0.8616973018337185,0,0,0,0,0,1.806179973983887,0)
---CICLISMO13.TXT---
W = (1.464349917063377,1.0579919469776868,0.6989700043360189,0,3.2041199826559246,0,0,0,0,0,0,0,0,0,0,0,0,0,0,0,0,0,1.0,0,0,0,0,0,0,0,0,0,0,0,0.3233063903751334,5.204119982655925,0,0,0,0,3.3748162098248997,0,0,0,0,0,0,0,0,0,0,0,0.7569619513137056,2.8465424326578566,0,0,0,0,0,0,0,0,0.9488474775526188,0,0,0,0,0,0,0,1.3010299956639813,0,1.1249387366083,0,0,0.2596373105057561,0.8616973018337185,0,0.8616973018337185,0,1.2351848794730127,0,0,0)
---CICLISMO14.TXT---
W = (0.9762332780422512,0,2.0969100130080567,0,0,0,0,0,0,0,0,0,0,0,0,0,0,1.2486727720782291,0,0,0,0,0,0,0,0,0,0,0,0,0,0,0,0,0,0,0,0,0,0,1.1249387366083,0,0,0,0,0,0,0,0,0,0,0,2.2708858539411167,0.9488474775526188,0,0,0,0,0,0,0,1.0,0,0,0,0,0,0,0,0,0,0,1.1249387366083,0,0,0.2596373105057561,0,0,0.8616973018337185,0,0.4117282931576709,0,0,0)
---CICLISMO15.TXT---
W = (0.4881166390211256,0,0,0,0,0,0,0,0,0,0,0,0.4559319556497244,0,0,0,0,0.6243363860391146,0,0,0,0,0,0,0,0,0,0,0,0,0,0,0,0,0,3.9030899869919438,0,0.2798406965940431,0,0.8239087409443188,1.1249387366083,0,0,0,0,0,0,0,0,0,0,0,0.7569619513137056,1.8976949551052376,0,0,0,0,0,0,0,1.0,0,0,0,0,0,0,0,0,1.3010299956639813,0,0,0,0,0,0.8616973018337185,0,0,0,0.4117282931576709,0,0,0)
---CICLISMO2.TXT---
W = (0.4881166390211256,1.0579919469776868,0,0,0,0,0,0,0,0,0,0,0,0,0,0.3010299956639812,0,1.2486727720782291,0,0,0,0,0,0,0,0,0,0,0,0,0,0,0,0,0.3233063903751334,0,1.723394603667437,0.2798406965940431,0,0.8239087409443188,0,0,0,1.8976949551052376,0,0,0,0,0,0,0,0,0.7569619513137056,0.9488474775526188,0,0,0,0,0,0,0,0,1.8976949551052376,0,1.1249387366083,0,0,0,0,0,0,0,0,0,0,0.2596373105057561,0,0,0,0,0.4117282931576709,0,1.806179973983887,0)
---CICLISMO3.TXT---
W = (0,1.0579919469776868,0,0,0,0,0,0,0,0,0,0,0,0,0,0,0,1.8730091581173438,0,0,0,0,0,0,0,0,0,0,0,0,0,0,0,0,0.6466127807502668,0,1.723394603667437,0.2798406965940431,0,0,0,0,0,0.9488474775526188,0,0,0,0,0,1.0,0,0,0,0,0,0,0,0,0,0,0,1.0,0.9488474775526188,0,1.1249387366083,0,0,0,0,0,0,0,0,0,0,0.5192746210115122,0,0,0,0,0.8234565863153418,0,4.515449934959718,0)
---CICLISMO4.TXT---
W = (0.9762332780422512,0,0,0,0,0,0,0,0,0,0,0,0,0,0,0,0,0.6243363860391146,0,0,0,0,0,0,0,0,0,0,0,0,0,0,0,0,0.6466127807502668,0,1.723394603667437,0.5596813931880862,0,0,1.1249387366083,0,0,0,0,0,0,0,0,1.0,0,0,0,1.8976949551052376,0,0,0,0,0,0,0,0,0.9488474775526188,0,0,0,0,0,0,0,0,0,1.1249387366083,0,0,0.2596373105057561,0,0,0,0,0,0,1.806179973983887,0)
---CICLISMO5.TXT---
W = (0.4881166390211256,1.0579919469776868,0.6989700043360189,0,0,0,0,0,0,0,0,0,0,0,0,0,0,0,0,0,0,0,0,0,0,0,0,0,0,0,0,0,0,0,0.6466127807502668,0,1.723394603667437,0,0,0,0,0,0,2.8465424326578566,0,0,0,0,0,0,0,0,0,0,0,0,0,0,0,0,0,0,0.9488474775526188,0,0,0,0,0,0,0,0,0,1.1249387366083,0,0,0.2596373105057561,0,0,0,0,0.4117282931576709,0,0,0)
---CICLISMO6.TXT---
W = (0,3.1739758409330605,0.6989700043360189,0,0,0,0,0,0,0,0,0,0.9118639112994488,0,0,0,0,3.7460183162346876,0,0,0,0,1.0,0,0,0,0,0,0,0,0,0,0,0,0.3233063903751334,0,4.308486509168593,0.2798406965940431,0,0,0,0,0,4.744237387763094,0,0,0,0,0,0,0,0,0,0.9488474775526188,0,0,0,0,0,0,1.4259687322722812,1.0,1.8976949551052376,0,5.6246936830414995,0,0,0,0,0,0,0,0,0,0,0.2596373105057561,0,0,0,0,0,0,4.515449934959718,0)
---CICLISMO7.TXT---
W = (0.9762332780422512,0,0,0,0,0,0,0,0,0,0,0,0.9118639112994488,0,0,0,0,0.6243363860391146,0,0,0,0,0,0,0,0,0,0,0,0,0,0,0,0,0,0,0,1.1193627863761724,0,0,0,0,0,0,0,0,0,0,0,0,0,0,0.7569619513137056,3.795389910210475,0,0,0,0,0,0,4.2779061968168435,0,0,0,1.1249387366083,0,0,0,0,0,1.3010299956639813,0,0,0,0,0.2596373105057561,0,0,0,0,0.4117282931576709,0,0,0)
---CICLISMO8.TXT---
W = (0.4881166390211256,0,0,0,0,0,0,0,0,0,0,0,0.4559319556497244,0,0,0,0,0.6243363860391146,0,0,0,0,0,0,0,0,0,0,0,0,0,0,0,0,0.6466127807502668,0,1.723394603667437,0.5596813931880862,0,0,0,0,0,1.8976949551052376,0,0,0,0,0,0,0,0,0,0.9488474775526188,0,0.5808706922580243,0,0,0,0,0,0,1.8976949551052376,0,0,0,0,0,0,0,0,0,0,0,0,1.0385492420230245,0,0,0.8616973018337185,0,0.4117282931576709,0,1.806179973983887,0)
---CICLISMO9.TXT---
W = (0,0,0.6989700043360189,0,3.2041199826559246,0,0,0,0,0,0,0,0,0,0,0,0,1.2486727720782291,0,0,0,0,0,0,0,0,0,0,0,0,0,0,0,0,0,0,0.8616973018337185,0,0,0,0,0,0,0.9488474775526188,0,0,0,0,0,0,0,0,0,0.9488474775526188,0,0,0,0,0,0,2.8519374645445623,0,0,0,1.1249387366083,0,0,0,0,0,0,0,0,0,0,0.2596373105057561,0,0,0,0,0,0,0,0)
---FORMULA1.TXT---
W = (1.464349917063377,0,0,0,0,0,0,0,2.6020599913279625,0,9.107209969647869,0,0,0,0,0,0,0,0,0,0,0,0,0,0,0,0,0,0,0,0,0,0,0,0.6466127807502668,0,0,0,0,0.8239087409443188,0,0,0,0,0,0,0,0,0,0,0,0,0,0,0,0,0,0,0,0,0,0,0,0,0,0,0,0,1.0579919469776868,0,0,0,0,0,1.0579919469776868,0,0,0,0,0,0.4117282931576709,0,0,0)
---FORMULA10.TXT---
W = (0.4881166390211256,0,0.6989700043360189,0,0,0,0,0,0,0,0,0,0.4559319556497244,0,0,0.6020599913279624,0,0,0,1.2041199826559248,0,0,1.0,0,0,0,1.4259687322722812,0,0,0,0,0,0,0,0.3233063903751334,0,0,0,0,0,0,0,0,0,0,0,0,0,0,1.0,0,0,0,0,0,0,0,0,0,0,0,0,0,0,0,0,0,0,1.0579919469776868,0,0,0,0,0,0,0.2596373105057561,0,0,0,0,0.4117282931576709,0,0,0)
---FORMULA11.TXT---
W = (0,0,0,0,0,0,0,0,0,0,0,0,0,0,0,0,1.2041199826559248,0,0,1.2041199826559248,0,0,0,0,0,0,0,0,0,0,0,0,0,0,0,0,0,0,0,0,0,0,0,0,0,0,0,3.612359947967774,0,0,0,0,0,0,0,0,0,0,0,0,0,0,0,2.1159838939553737,0,0,0,0,0,0,0,0,0,0,0,0.2596373105057561,0,0,0,0,0,0,0,0)
---FORMULA12.TXT---
W = (0,0,0,0,0,0,0,0,0,0,1.3010299956639813,0,0.4559319556497244,0,0,0,0,0,0,0,0,0,0,0,0.7891466346851068,0,0,0,0,0,0,0,0,0,0.3233063903751334,0,0,0.2798406965940431,0,0,0,0,0,0,0,0,0,0,0,0,0,0,0.7569619513137056,0,0,0,0,0,0,0,0,0,0,0,0,0,0,0,1.0579919469776868,0,0,0,0,0,1.0579919469776868,0,0,0,0,0,0,0,0,0)
---FORMULA13.TXT---
W = (0.9762332780422512,0,0,0,0,0,0,0,1.3010299956639813,0,0,0,0,0,0,0.3010299956639812,0,0,0,0,0,0,1.0,0,0.7891466346851068,0,0,0,0,0,0,0,0,0,0.3233063903751334,0,0,0,0,0,0,0,0,0,0,0,0,2.4082399653118496,0,1.0,0,0,0,0,0,0,0,0,0,0,0,0,0,1.0579919469776868,0,0,0,0,1.0579919469776868,0,0,0,0,0,2.1159838939553737,0,0,0,0,0,0,0,0,0)
---FORMULA14.TXT---
W = (0.9762332780422512,0,0.6989700043360189,0,0,0,0,0,0,0,0,0,0,0,0,0,1.2041199826559248,0,0,2.4082399653118496,0,0,1.0,0,0,0,0,0,0,0,0,0,0,0,0.9699191711254003,0,0,0,0,0,0,0,0,0,0,0,0,0,0,0,0,0,0,0,0,0,0,0,0,0,0,0,0,4.231967787910747,0,0,0,0,2.1159838939553737,0,0,0,0,0,0,0,0,0,0,0,0,0,0,0)
---FORMULA15.TXT---
W = (0,0,0,0,0,0,0,0,0,0,0,0,0,0,0,0,3.612359947967774,0,0,0,0,0,0,0,0,0,0,0,0,0,0,0,0,0,0,0,0,0,4.2779061968168435,0,0,0,0,0,0,0,0,1.2041199826559248,0,0,0,0,0,0,0,0,0,0,0,0,0,0,0,1.0579919469776868,0,0,0,0,0,0,0,0,0,0,0,0.2596373105057561,0,0,0,0,0,0,0,0)
---FORMULA2.TXT---
W = (1.464349917063377,0,0,0,0,0,0,0,0,0,0,0,0,0,0,0,3.612359947967774,0,0,0,0,0,0,0,0,0,0,0,0,0,0,0,0,0,0.3233063903751334,0,0,0,1.4259687322722812,0,0,0,0.9488474775526188,0,0,0,0,0,0,0,0,0,0.7569619513137056,0,0,0,0,0,0,0,0,0,0,0,0,0,0,0,0,0,0,0,0,0,0,0,0,0,0,0,0,0,0,0)
---FORMULA3.TXT---
W = (0.4881166390211256,0,0,0,0,0,0,0,0,0,0,0,1.8237278225988975,0,0,0,2.4082399653118496,0,0,0,0,0,1.0,0,0,0,0,0,0,0,0,0,0,0,0.6466127807502668,0,0,0,0,0,0,0,0,0,0,0,0,0,0,0,0,0,4.5417717078822335,0,0,0,0,0,0,0,0,0,0,1.0579919469776868,0,0,0,0,0,0,0,0,0,0,0,0,0,0,0,0,0,0,0,0)
---FORMULA4.TXT---
W = (0,0,0,0,0,0,0,0,1.3010299956639813,0,0,0,0,0,0,0,0,0,0,1.2041199826559248,0,0,0,0,0,0,0,0,0,0,0,0,0,0,0,0,0,0,0,0,0,0,0,0,0,0,0,0,0,0,0,0,0,0,0,0,0,0,0,0,0,0,0,1.0579919469776868,0,0,0.8239087409443188,0,0,0,0,0,0,0,1.0579919469776868,0.2596373105057561,0,0,0,0,0.4117282931576709,0,0,0)
---FORMULA5.TXT---
W = (0.9762332780422512,0,0,0,0,0,0,0,1.3010299956639813,0,1.3010299956639813,0,0.9118639112994488,0,0,0.3010299956639812,0,0.6243363860391146,0,0,0,0,1.0,0,0,0,0,0,0,0,0,0,0,0,0.3233063903751334,0,0,0.2798406965940431,0,0,0,0,0,0,0,0,0,1.2041199826559248,0,0,0,0,0,0,0,0,0,0,0,0,0,0,0,0,0,0,0,0,2.1159838939553737,0,0,0,0,0,2.1159838939553737,0,0,0,0,0,0.8234565863153418,0,0,0)
---FORMULA6.TXT---
W = (0.9762332780422512,0,0,0,0,0,0,0,0,0,0,0,0,9.612359947967773,0,0,0,0.6243363860391146,0.8616973018337185,0,0,0,0,0,0,0,0,0,0,0,0,0,0,0,0.3233063903751334,0,0,0.2798406965940431,2.8519374645445623,0,0,0,0,0,0,0,0,0,0,0,0,0,1.5139239026274112,0,0,0,0.8616973018337185,0,0,0,0,0,0,0,0,0,0,0,0,0,0,0,0,0,0,0,0,0,0,0,0,0,0,0)
---FORMULA7.TXT---
W = (0,0,0,0,0,0,0,0,0,0,0,0,0,1.6020599913279623,0,0.3010299956639812,0,0.6243363860391146,0,0,0,0,0,0,0,0,0,0,0,0,0,0,0,0,0.3233063903751334,0,0,0,0,0.8239087409443188,0,0,0,0,0,0,0,0,0,0,0,0,0,0,0,0,1.723394603667437,0,0,0,0,1.0,0,0,0,0,0,0,1.0579919469776868,0,0,0,0,0,2.1159838939553737,0,0,0,0,0,0,0,0.9030899869919435,0)
---FORMULA8.TXT---
W = (0.4881166390211256,0,0,0,0,0,0,0,0,0,0,0,0.4559319556497244,0,0,0.3010299956639812,0,0,0,0,0,0,0,0,0,0,0,0,0,0,0,0,0,0,0.3233063903751334,0,0,0.2798406965940431,0,0,0,0,0,0,0,0,0,0,0,0,0,0,0.7569619513137056,0,0,0,0,0,0,0,0,0,0,0,0,0,0,0,0,0,0,0,0,0,0,0,0,0,0,0,0,0,0,0)
---FORMULA9.TXT---
W = (0.4881166390211256,0,0,0,0,0,0,0,0,0,2.6020599913279625,0,0,0,0,0,0,0,0.8616973018337185,2.4082399653118496,0,0,0,0,0,0,0,0,0,0,0,0,0,0,0.3233063903751334,0,0,0,0,0,0,0,0,0,0,0,0,4.816479930623699,0,0,0,0,0,0,0,0,0,0,0,0,0,0,0,1.0579919469776868,0,0,0,0,0,0,0,0,0,0,1.0579919469776868,0.5192746210115122,0.8616973018337185,0,0,0,0,0,0,0)
---FUTBOL1.TXT---
W = (0,0,0,0,0,0,0,0,0,0,0,0,0,0,0,0.3010299956639812,0,0,0,0,0,0,0,0,0,0,0,0,0,0,0,0,0,0,0,0,0,0,0,0,0,0,0,0,0.9488474775526188,0,0,0,0.4559319556497244,0,0.9030899869919435,0,0,0,0.2903061302722081,0,0,0,0,0,0,0,0,0,0,0,0.8239087409443188,0,0,0,0,0,0,0,0,0.5192746210115122,0,0,1.723394603667437,0,0,0,0,0)
---FUTBOL10.TXT---
W = (0,0,0,3.1565865387404273,0,0,0,0,0,0,0,0.47172622283295623,0.9118639112994488,0,0,0,0,0.6243363860391146,0,0,1.4539974558725246,0,0,0,0,0,0,0,0,0,0,0,0,0,0.3233063903751334,0,0,0,0,0,0,0,0.9488474775526188,0,0,0,0,0,0,1.0,0.9030899869919435,0,0,0,1.1612245210888323,0.5808706922580243,0,0,0,0,0,0,0,0,0,0,0.8239087409443188,0,0,0,0,0,0,0,0,0,0,0,0,0,0,0,0,0)
---FUTBOL11.TXT---
W = (0,0,0,0,0,0,0,0,0,0,0,0.9434524456659125,0,0,0,0.3010299956639812,0,0,0,0,0.7269987279362623,0,0,0,0,0,0,0,0,0,0,0,0,0,0.3233063903751334,0,0,0,0,0,0,0,0.9488474775526188,0,0,0,0,0,0,0,1.806179973983887,0,0,0,0,0,0.8616973018337185,0,1.0,0,0,0,0,0,0,0,0,0,0,0,0,0,0,0,0,1.0385492420230245,0,0,0,0,0,0,0,0)
---FUTBOL12.TXT---
W = (0,0,1.3979400086720377,1.5782932693702136,0,0,0,0,0,0,0,0.9434524456659125,0.4559319556497244,0,0,0.3010299956639812,0,0,0,0,0,0,0,0,0,0,0,0,0,0,0,0,0,0,0,0,0,0,0,0,0,0,1.8976949551052376,0,0,0,0,0,0,0,0,0,0,0,0.2903061302722081,0,0,0,0,0,0,0,0,0,0,0,0,0,0,0,0,0,0,0,0,0.7789119315172683,0,0,2.5850919055011556,0,0,0,0,0)
---FUTBOL13.TXT---
W = (0,0,0,0,0,0,0,4.2779061968168435,0,0,0,0,0,0,0,0,0,0,0,0,0,0,0,0,0,0,0,0,0,0,0,0,0,0,0,0,0,0,0,0,0,0,0,0,0,0,0,0,0,0,1.806179973983887,0,0,0,0.5806122605444162,0,0,0,1.0,0.9488474775526188,0,0,0,0,0,0,0,0,0,0,0,0,0,0,0,0,0,0,0,0,0.4117282931576709,0,0,0)
---FUTBOL14.TXT---
W = (0,0,0,0.7891466346851068,0,0,0,1.4259687322722812,0,0,0,0.47172622283295623,0,0,0,0,0,0,0,0,0,0,0,0,0,0,0,0,0,0,0,0,0,0,0,0,0,0.8395220897821293,0,0,0,0,0,0,0.9488474775526188,0.6478174818886375,0,0,0,0,0,0,0,0,1.4515306513610404,0,0.8616973018337185,0,0,0,0,0,0,0,0,0,0,0,0,0,0,0,0,0,0,0,0,0,0,0,0,0,0,0)
---FUTBOL15.TXT---
W = (0,0,0,2.3674399040553205,0,0,0,0,0,0,0,0.9434524456659125,0,0,0,0.3010299956639812,0,0,0,0,1.4539974558725246,0,0,0,0,0,1.4259687322722812,0,0,0,0,0,0,0,0,0,0,0.5596813931880862,0,0,0,0,0,0,0.9488474775526188,0.6478174818886375,0,0,0,0,0,0,0,0,1.1612245210888323,0,0,0,0,0,0,0,0,0,0,0,0,0,0,0,0,0,0,0,0,0.5192746210115122,0,0,0,0,0.4117282931576709,0,0,0)
---FUTBOL16.TXT---
W = (0,0,0,0,0,0,0,0,0,0,0,0,0,0,0,0,0,0.6243363860391146,0,0,0.7269987279362623,0,0,0,0,0,0,0,0,0,0,0,0,0,0,0,0,0.2798406965940431,0,0,0,0,0.9488474775526188,0,0.9488474775526188,0.6478174818886375,0,0,0,0,0,0,0,0,0.5806122605444162,0,0,0,1.0,0,0,0,0,0,0,0,0,0,0,0,0,0,0,0,0,0.2596373105057561,0,0,0.8616973018337185,0,0,0,0,0)
---FUTBOL17.TXT---
W = (0,0,1.3979400086720377,1.5782932693702136,0,0,0,0,0,0,0,0,0.4559319556497244,0,0,0,0,0,0,0,0,0,0,0,0,0,0,0,0,0,0,0,0,0,0.3233063903751334,0,0,0.5596813931880862,0,0,0,0,0,0,0,0,0,0,0,0,0.9030899869919435,0,0,0,0,0.5808706922580243,0.8616973018337185,0,2.0,0,0,0,0,0,0,0,1.6478174818886375,0,0,0,0,0,0,0,0,0.2596373105057561,0,0,0.8616973018337185,0,0,0,0,0)
---FUTBOL18.TXT---
W = (0,0,0,0.7891466346851068,0,0,0,0,0,0,0,0.9434524456659125,0,0,0,0,0,0.6243363860391146,0,0,0,0,0,0,0,0,0,0,0,0,0,0,0,0,0,0,0,0,0,0,0,0,0,0,0,0,0,0,0.4559319556497244,0,0,0,0,0,0.5806122605444162,0,1.723394603667437,0,1.0,0,0,1.0,0,0,0,0,0,0,0,0,0,0,0,0,0,0.2596373105057561,0,0,0,0,0,0,0,0)
---FUTBOL19.TXT---
W = (0,0,0.6989700043360189,0.7891466346851068,0,0,0,0,0,0,0,0.9434524456659125,0.4559319556497244,0,0,0,0,0,0,0,0,0,0,0,0,0,0,0,0,0,0,0,0,0,0,0,0,0.2798406965940431,0,0,0,0,0,0,0.9488474775526188,0.6478174818886375,0,0,0,0,1.806179973983887,0,0,0,0.2903061302722081,0,0,0,0,0,0,1.0,0,0,0,0,0,0,0,0,0,0,0,0,0,0,0,0,0,0,0,0,0,0)
---FUTBOL2.TXT---
W = (0,0,0,0,0,0,0,0,0,0,0,0.47172622283295623,0,0,0,0,0,0,0,0,0.7269987279362623,0,0,0,0,0,0,0,0,0,0,0,0,0,0,0,0,0,0,0,0,0,0,0,0.9488474775526188,0,0,0,0.4559319556497244,0,0.9030899869919435,0.6989700043360189,0,0,0,0,0.8616973018337185,0,0,0,0,0,0,0,0,0,0,0,0,0,0,0,0,0,0,0.2596373105057561,0,0,0.8616973018337185,0,0,0,0,0)
---FUTBOL20.TXT---
W = (0,0,0,0.7891466346851068,0,0,0,1.4259687322722812,0,0,0,0.9434524456659125,0.4559319556497244,0,0,0,0,0,0,0,0,0,0,0,0,0,0,0,0,0,0,0,0,0,0,0,0,0.2798406965940431,0,0,0,0,0,0,0,0,0,0,0.4559319556497244,0,0,0,0,0,0,0,0.8616973018337185,0,0,0,0,0,0,0,0,0,0.8239087409443188,0,0,0,1.3010299956639813,0,0,0,0,0.2596373105057561,0,0,0,0,0.4117282931576709,0,0,0)
---FUTBOL3.TXT---
W = (0.4881166390211256,0,0,0,0,0,0,0,0,0,0,0,0,0,0,0.6020599913279624,0,0.6243363860391146,0,0,0,0,0,0,0,0,0,0,0,0,0,0,0,0,0.6466127807502668,0,0,0.2798406965940431,0,0,0,0,0,0,0,0,0,0,0,0,0,1.3979400086720377,0,0,0,0,0,0,0,0,0,0,0,0,0,0,0.8239087409443188,0,0,0,0,0,0,0,0,0.2596373105057561,0,0,0,0,0,0,0,0)
---FUTBOL4.TXT---
W = (0,0,0,0.7891466346851068,0,0,0,0,0,0,0,0,0,0,0,0,0,0,0,0,0,0,0,0,0,0,0,0,0,0,0,0,0,0,0,0,0,0.2798406965940431,0,0,0,0,0.9488474775526188,0,0,0,0,0,0,0,0,0,0,0,0.2903061302722081,0,0,0,0,0,0,0,0,0,0,0,0,0,0,0,0,0,0,0,0,0,0,0,0,0,0,0,0,0)
---FUTBOL5.TXT---
W = (0,0,0,3.945733173425534,0,0,0,0,0,0,0,1.4151786684988688,0.4559319556497244,0,0,0.9030899869919435,0,0,0,0,0.7269987279362623,0,0,0,0,0,0,0,0,0,0,0,0,0,0,0,0,0,0,0,0,0,0.9488474775526188,0,0,0,0,0,0.4559319556497244,0,0,0,0,0,0.2903061302722081,0,0.8616973018337185,0,2.0,0,0,1.0,0,0,0,0,0,0,0,0,0,0,0,0,0,1.0385492420230245,0.8616973018337185,0,0,0,0.4117282931576709,0,0,0)
---FUTBOL6.TXT---
W = (0,0,0,1.5782932693702136,0,0,0,0,0,0,0,0,0.9118639112994488,0,0,0,0,0,0,0,0,0,0,0,0.7891466346851068,0,0,0,0,0,0,0,0,0,0.3233063903751334,0,0,0.2798406965940431,0,0,0,0,0.9488474775526188,0,0.9488474775526188,0,0,0,0,0,1.806179973983887,0,0,0,0.5806122605444162,0,0,0,0,0,0,0,0,0,0,0,0.8239087409443188,0,0,0,0,0,0,0,0,0.7789119315172683,0,0,0,0,0,0,0,0)
---FUTBOL7.TXT---
W = (0,0,0,0,0,0,0,0,0,0,0,0.9434524456659125,0,0,0,0.3010299956639812,0,0,0,0,0,0,0,0,0,0,2.8519374645445623,0,0,0,0,0,0,0,0,0,0,0,0,0,0,0,0,0,0.9488474775526188,0,0,0,0.4559319556497244,0,0,0,0,0,0.2903061302722081,0,0,0,3.0,0,0,0,0,0,0,0,0.8239087409443188,0,0,0,0,0,0,0,0,0,0,0,0.8616973018337185,0,0,0,0,0)
---FUTBOL8.TXT---
W = (0,0,0,1.5782932693702136,0,0,0,0,0,0,0,0,0,0,0,0.9030899869919435,0,0,0,0,0,0,0,0,0,0,0,0,0,0,0,0,0,0,0,0,0,0.2798406965940431,0,0,0,0,0.9488474775526188,0,0,0,0,0,0.4559319556497244,0,0.9030899869919435,0.6989700043360189,0,0,0.2903061302722081,0,0,0,0,0,0,0,0,0,0,0,0,0,0,0,0,0,0,0,0,0,0,0,0,0,0,0,0,0)
---FUTBOL9.TXT---
W = (0.4881166390211256,0,0,2.3674399040553205,0,0,0,0,0,0,0,0,0,0,0,0.6020599913279624,0,0,0,0,2.180996183808787,0,0,0,0,0,0,0,0,0,0,0,0,0,0,0,0,0,0,0,0,0,0,0,0,0,0,0,0,0,6.3216299089436045,0,0,0,0.2903061302722081,0,0,0,1.0,0,0,0,0,0,0,0,0,0,0,0,0,0,0,0,0,0,0,0,0,0,0,0,0,0)
---TENIS1.TXT---
W = (0,0,0,0,0,0,0,0,0,0,0,0,0,0,0,0,0,0,0.8616973018337185,0,0,0,0,0,0,0,0,2.1159838939553737,0,0,0,0,0,0,0,0,0,0,0,0,0,0,0,0,0,0,0,0,0,1.0,0,0,0,0,0.2903061302722081,0,0,0,0,0,0,0,0,0,0,0,0,0,0,0,0,0,0,0,0,0.2596373105057561,2.5850919055011556,0,0,0,0.4117282931576709,0,0,0)
---TENIS10.TXT---
W = (0.4881166390211256,0,0,0,0,0,0,0,0,0,0,0.47172622283295623,0.4559319556497244,0,0,0.3010299956639812,0,0,0,0,0,0,0,0,0,0,0,1.0579919469776868,0,0,0,0,0,0.7891466346851068,0,0,0,0,0,0,0,0,0,0,0,0,0.9030899869919435,0,0.4559319556497244,0,0,0,0,0,0.2903061302722081,0,0,0,0,0,0,0,0,0,0,0,0,0,0,0,0,0,0,1.1249387366083,0,0,0,0,0,0,0.4117282931576709,0,0,0)
---TENIS11.TXT---
W = (0,0,0.6989700043360189,0,0,0,0,0,0,0,0,0.47172622283295623,0,0,0,0.3010299956639812,0,0,0.8616973018337185,0,0,0,0,0,0,0,0,0,0,1.0579919469776868,0,0,0,0,0,0,0,0,0,0,0,0,0,0,0,0,0.9030899869919435,0,0.9118639112994488,0,0,0,0,0,0.2903061302722081,0,0,0,0,0,0,0,0.9488474775526188,0,0,0,0,0,0,0,0,0,0,0,0,0,0,0,0,0,0.8234565863153418,0,0,0)
---TENIS12.TXT---
W = (0,0,0,0,0,0,1.2041199826559248,0,0,0,0,0,0,0,0,0.6020599913279624,0,0,0,0,0,1.4259687322722812,0,0,0.7891466346851068,0,0,0,0,0,0,0,0,0,0.3233063903751334,0,0,0.2798406965940431,0,0.8239087409443188,0,0,0,0,0,0,0.9030899869919435,0,0,0,0,0,0.7569619513137056,0,0,0,0,0,0,0,0,0,0,0,0,0,0,0,0,0,0,0,0,0,0,0.2596373105057561,0,0,0,0,0,0,0,0)
---TENIS13.TXT---
W = (0,0,0,0,0,0,0,0,0,0,0,0,0.4559319556497244,0,0,0,0,0,0,0,0.7269987279362623,1.4259687322722812,0,0,0.7891466346851068,0,0,3.1739758409330605,0,1.0579919469776868,0,0,0,0,0,0,0,0.5596813931880862,0,0,0,0,0,0,0,0,3.612359947967774,0,0.9118639112994488,0,0,0,0,0,0.8709183908166243,0,0,0,0,0,0,0,0,0,0,0,0,0,0,0,0,0,0,0,0,0,0,0,0,0,0.4117282931576709,0,0,0)
---TENIS14.TXT---
W = (0,0,0,0,0,0,0,0,0,0,0,0,0.9118639112994488,0,0,0.3010299956639812,0,0,0,0,0,0,0,0,0,0,0,0,0,0,0,0,0,0,0,1.3010299956639813,0,0,0,0,0,0,0,0,0,0,1.806179973983887,0,1.3677958669491732,0,0,0,0,0,0.2903061302722081,1.1617413845160487,1.723394603667437,0,0,0,0,0,0,0,0,0,0,0,0,0,0,0,0,2.2498774732166,0,0,0,0,0,0,0.4117282931576709,0,0,0)
---TENIS15.TXT---
W = (0,0,0,0,0,0,1.2041199826559248,0,0,0,0,0,0.9118639112994488,0,0,0,0,0,0,0,0,0,0,0,2.3674399040553205,0,0,0,0,0,0,0,0,0,0.3233063903751334,0,0,0.2798406965940431,0,0,0,0,0,0,0,0,0.9030899869919435,0,0.9118639112994488,1.0,0,0,0,0,0.2903061302722081,0,0,0,0,0,0,0,0,0,0,0,0,0,0,0,0,0,0,0,0,0,0,0,0,0,0.8234565863153418,0,0,0)
---TENIS2.TXT---
W = (0,0,0,0,0,0,0,0,0,0,0,0,0,0,0,0.3010299956639812,0,0,0.8616973018337185,0,0,0,0,0,0.7891466346851068,0,0,0,0,0,0,0,0,0,0,0,0,0.2798406965940431,0,0,0,0,0,0,0,0,0.9030899869919435,0,0.4559319556497244,0,0,0,0,0,0.5806122605444162,0,0,0,0,0,0,0,0,0,0,0,0.8239087409443188,0,0,0,0,0,0,1.1249387366083,0,0.2596373105057561,0,0,0,0,0.4117282931576709,0,0,0)
---TENIS3.TXT---
W = (0,0,0.6989700043360189,0,0,0,2.4082399653118496,0,0,0,0,0.47172622283295623,0.4559319556497244,0,0,0.6020599913279624,0,0,0.8616973018337185,0,0,1.4259687322722812,0,0,0,0,0,5.289959734888434,0,1.0579919469776868,0,0,0,0,0,0,0,0,0,0,0,0,0,0,0,0,0,0,0,0,0,0,0,0,0.5806122605444162,0,0,0,0,0,0,0,0,0,0,0,0,0,0,0,0,0,0,0,0,0,0,0,0.8616973018337185,0,0.8234565863153418,0,0,0)
---TENIS4.TXT---
W = (0,0,0,0,0,0,0,0,0,0,0,0,0,0,0,0,0,0,0.8616973018337185,0,0,0,1.0,0,0.7891466346851068,0,0,0,0,1.0579919469776868,0,0,0,0,0,0,1.723394603667437,0,0,0.8239087409443188,0,0,0,0,0,0,0,0,0.4559319556497244,0,0,0,0.7569619513137056,0,0,0,0,0,0,0,0,0,0,0,0,0,0,0,0,0,0,0,0,0,0,0,0.8616973018337185,0,0,0,0.8234565863153418,0,0,0)
---TENIS5.TXT---
W = (0.4881166390211256,0,0,0,0,0,1.2041199826559248,0,0,0,0,0,0,0,0,0.3010299956639812,0,0,0.8616973018337185,0,0,0,0,0,1.5782932693702136,0,0,0,0,0,0,0,0,0,0,0,0,0,0,0,0,0,0,0,0,0,0,0,0.4559319556497244,0,0,0,0.7569619513137056,0,0.2903061302722081,0,0,0,0,0,0,0,0,0,0,0,0,0,0,0,0,0,0,1.1249387366083,0,0,0.8616973018337185,0,0,0,0.8234565863153418,0,0,0)
---TENIS6.TXT---
W = (0.4881166390211256,0,0.6989700043360189,0,0,0,0,0,0,0,0,0,0,0,0,0.3010299956639812,0,0,0,0,0,0,0,0,0.7891466346851068,0,0,2.1159838939553737,0,1.0579919469776868,0,0,0,0,0.3233063903751334,0,0,0.2798406965940431,0,0.8239087409443188,0,0,0,0,0,0,2.7092699609758304,0,0.4559319556497244,0,0,0.6989700043360189,0,0,0.2903061302722081,0.5808706922580243,0,0,0,0,0,0,0,0,0,0,0,0,0,0,0,0,0,1.1249387366083,0,0,0,0,0,0,1.2351848794730127,0,0,0)
---TENIS7.TXT---
W = (0,0,0,0,0,0,0,0,0,0,0,0,0,0,0,0,0,0,0,0,0,0,0,0,0.7891466346851068,0,0,2.1159838939553737,0,0,0,0,0,0,0,0,0,0.2798406965940431,0,0,0,0,0,0,0,0,0.9030899869919435,0,0.4559319556497244,0,0,0,0,0,0.5806122605444162,0.5808706922580243,0,0,0,0,0,0,0,0,0,0,0.8239087409443188,0,0,0,0,0,0,1.1249387366083,0,0,0,0,0,0,0.4117282931576709,0,0,0)
---TENIS8.TXT---
W = (0.4881166390211256,0,0,0,0,0,1.2041199826559248,0,0,0,0,0,0,0,0,0.3010299956639812,0,0,0.8616973018337185,0,0,0,0,0,0.7891466346851068,0,0,1.0579919469776868,0,1.0579919469776868,0,0,0,0,0.3233063903751334,0,0,0,0,0.8239087409443188,0,0,0,0,0,0,0,0,0,0,0,0,0,0,0,0,0,0,0,0,0,0,0,0,0,0,0,0,0,0,0,0,0,0,0,0.2596373105057561,0,0,0,0,0.4117282931576709,0,0,0)
---TENIS9.TXT---
W = (0,0,0,0,0,0,0,0,0,0,0,0,1.3677958669491732,0,0,0.6020599913279624,0,0.6243363860391146,1.723394603667437,0,0,0,0,0,0.7891466346851068,0,0,0,0,1.0579919469776868,0,0,0,0,0.6466127807502668,0,0,0.2798406965940431,0,0,0,0,0,0,0,0,1.806179973983887,0,0.4559319556497244,0,0,0.6989700043360189,0.7569619513137056,0,0.2903061302722081,0,0,0,0,0,0,0,0,0,0,0,0,0,0,0,0,0,0,0,0,0,0,0,0,0,0,0,0,0)
